variant_id,stop_id
503604,73
503604,2474
503605,2838
503605,1761
503605,74
503606,149
503607,148
503608,2251
503608,992
503609,1015
503610,72
503611,73
503612,2716
503613,2715
503614,149
503616,2838
503616,1761
503616,74
503616,798
503617,2838
503617,1761
503617,74
503619,2838
503619,1761
503619,74
503620,74
503621,74
503622,74
503622,2716
503623,74
503624,73
503625,799
503625,73
503626,149
503626,912
503627,148
503628,148
503629,148
503629,2716
503630,153
503630,148
503632,153
503632,148
503632,2716
503634,1015
503635,2251
503639,1015
503639,2716
503640,73
503641,73
503642,73
503642,2716
503645,2716
503646,912
503646,148
503647,148
503648,148
503649,148
503649,2716
503650,148
503651,2716
503651,2477
503653,2040
503654,2040
503654,2716
506199,553
506199,1742
506199,989
506199,480
506200,481
506200,2218
506200,1743
506200,554
506201,481
506201,2218
506201,1743
506201,554
506202,553
506202,1742
506202,989
506202,480
506206,481
506206,2218
506208,989
506208,480
506209,480
506210,481
506210,2218
506995,481
506995,2218
506995,1743
506995,554
506996,553
506996,1742
506996,989
506996,480
506997,553
506997,1742
506997,989
506997,480
506998,481
506998,2218
506998,1743
506998,554
506999,553
506999,1742
506999,989
506999,480
506999,2527
507000,989
507000,480
507589,553
507589,1742
507589,989
507589,480
507590,481
507590,2218
507590,1743
507590,554
507591,481
507591,2218
507591,1743
507591,554
507592,553
507592,1742
507592,989
507592,480
507598,989
507598,480
508153,2716
508154,2715
508155,149
508156,148
508157,72
508158,73
508159,2251
508159,992
508160,1015
508161,149
508163,2716
508163,2477
508165,73
508165,2474
508166,2838
508166,1761
508166,74
508169,2716
508170,149
508170,912
508171,148
508173,148
508173,2716
508174,153
508174,148
508176,153
508176,148
508176,2716
508179,73
508180,73
508180,2716
508181,1015
508182,2251
508186,1015
508186,2716
508187,912
508187,148
508188,148
508189,148
508190,148
508190,2716
508191,148
508192,2040
508193,2040
508193,2716
508194,2838
508194,1761
508194,74
508194,798
508195,2838
508195,1761
508195,74
508198,74
508202,73
508203,799
508203,73
509167,616
509167,1248
509167,711
509167,2279
509167,740
509167,748
509168,743
509168,747
509168,739
509168,3415
509168,2828
509168,1819
509169,616
509169,1248
509169,711
509169,2279
509169,740
509169,748
509169,744
509169,2007
509169,1083
509170,743
509170,747
509170,739
509170,3415
509170,2828
509170,1819
509171,711
509171,3422
509171,770
509172,771
509172,3415
509172,2828
509173,616
509173,1248
509173,711
509173,2279
509173,740
509173,748
509173,1084
509174,1087
509174,747
509174,739
509174,3415
509174,2828
509174,1819
509175,3420
509175,2782
509175,2928
509175,777
509175,2115
509176,2114
509176,776
509176,2781
509176,3415
509177,3058
509177,1977
509177,2073
509177,1979
509177,1702
509177,2076
509177,2680
509177,3067
509178,3066
509178,2679
509178,1082
509178,1703
509178,2073
509178,1979
509178,2075
509178,1978
509178,3058
509178,3415
509179,616
509179,1248
509179,711
509179,2279
509179,740
509179,748
509180,743
509180,1084
509180,747
509180,739
509180,3415
509180,2828
509180,1819
509181,616
509181,1248
509181,711
509181,2279
509181,740
509181,748
509183,616
509183,1248
509183,711
509183,2279
509183,740
509183,748
509183,744
509183,2007
509183,1083
509185,616
509185,1248
509185,711
509187,616
509187,1248
509187,711
509188,616
509188,1248
509188,711
509188,2279
509188,740
509188,748
509188,744
509190,616
509190,1248
509190,711
509190,2279
509190,740
509190,748
509190,744
509190,2008
509190,1077
509190,1999
509190,1082
509191,616
509191,1248
509191,711
509191,2279
509191,740
509191,748
509191,744
509191,2008
509191,1077
509191,1080
509191,1082
509192,743
509192,747
509192,739
509192,3415
509192,2828
509192,1819
509193,3415
509193,2828
509193,1819
509195,1081
509195,2009
509195,743
509195,747
509195,739
509195,3415
509195,2828
509195,1819
509196,1200
509196,2006
509196,747
509196,739
509196,3415
509196,2828
509196,1819
509197,1200
509197,2006
509197,743
509197,747
509197,739
509197,3415
509197,2828
509197,1819
509198,1200
509198,2006
509198,743
509198,747
509198,739
509198,3415
509198,2828
509198,1819
509199,1200
509199,2006
509199,743
509199,1084
509199,747
509199,739
509199,3415
509199,2828
509199,1819
509200,1200
509200,2006
509200,743
509200,1084
509200,747
509200,739
509200,3415
509200,2828
509200,1819
509201,711
509201,3422
509201,770
509201,2929
509201,1091
509202,711
509202,3422
509202,770
509202,2929
509203,2928
509203,771
509203,3415
509203,2828
509204,2928
509204,771
509205,771
509205,3415
509205,2828
509206,1090
509206,2928
509206,771
509206,3415
509206,2828
509207,1090
509207,2928
509207,771
509207,3415
509207,2828
509210,1087
509210,747
509210,739
509210,3415
509210,2828
509210,1819
509211,616
509211,1248
509211,711
509211,2279
509211,740
509211,748
509212,616
509212,1248
509212,711
509212,2279
509212,740
509212,748
509212,1084
509213,616
509213,1248
509213,711
509213,2279
509213,740
509213,748
509214,616
509214,1248
509214,711
509214,2279
509214,740
509214,748
509215,1087
509215,747
509215,739
509215,3415
509215,2828
509215,1819
509216,1087
509216,1084
509216,747
509216,739
509216,3415
509216,2828
509216,1819
509217,1087
509217,747
509217,739
509217,3415
509217,2828
509217,1819
509218,2782
509218,2929
509219,3420
509219,2782
509219,3026
509219,2928
509219,777
509220,3420
509220,2782
509221,2782
509222,2782
509222,2929
509223,2114
509223,776
509223,2781
509223,3415
509224,2114
509224,776
509224,2781
509224,3415
509225,2114
509225,776
509225,2781
509225,3415
509226,2114
509226,776
509226,2781
509227,2114
509227,2781
509227,3415
509228,2114
509228,2781
509228,3415
509229,2781
509229,3415
509230,2781
509230,3415
509232,3421
509232,1977
509232,2074
509232,1702
509232,2076
509232,3064
509232,2680
509232,3067
509234,1977
509234,1979
509234,1702
509236,2074
509236,1702
509237,711
509237,2074
509237,1702
509238,1081
509238,2076
509238,3064
509238,2680
509238,3067
509239,3421
509239,3058
509239,1977
509239,2074
509239,1702
509239,2076
509239,2680
509239,3067
509240,3058
509240,1977
509240,2074
509240,1702
509240,2076
509240,2680
509240,3067
509241,3244
509241,3058
509241,1977
509241,2073
509241,1979
509241,1702
509241,2076
509241,2680
509241,3067
509242,3245
509242,3415
509243,3066
509243,1082
509243,2075
509243,1978
509243,3058
509243,3415
509244,3066
509244,1082
509244,2075
509244,1978
509244,3058
509245,3066
509245,2679
509245,2077
509245,1082
509245,2075
509245,1978
509245,3058
509246,3066
509246,2679
509246,2077
509246,1082
509246,2075
509246,1978
509246,3058
509246,3415
509251,3066
509251,2679
509251,1082
509252,3066
509252,1082
509253,711
509253,770
509253,2929
509253,3027
509254,2928
509254,771
509254,3415
509254,2828
509255,2305
509255,3034
509255,3036
509255,1979
509255,1702
509255,3060
509255,3031
509256,3031
509256,3061
509256,1703
509256,1731
509256,3037
509256,3035
509256,2274
509257,748
509258,1087
509258,3415
509259,2928
509259,771
509259,3415
509259,2828
509260,711
509260,770
509260,2929
509260,3027
509261,2928
509261,771
509261,3415
509261,2828
509262,1297
509262,1295
509262,2928
509262,771
509262,3415
509262,2828
509263,3421
509263,2305
509263,3034
509263,3036
509263,1979
509263,1702
509263,3060
509263,3031
509264,3421
509264,2305
509264,3034
509264,3033
509264,3031
509264,1722
509265,2305
509265,3034
509265,3033
509265,3031
509265,1722
509266,2305
509266,3034
509266,3033
509266,3031
509266,1722
509267,3031
509267,3061
509267,1703
509267,1731
509267,3037
509267,3035
509267,2274
509268,3031
509268,3061
509268,1703
509268,1731
509268,3037
509268,3035
509268,2274
509268,3415
509269,3031
509269,3061
509269,1703
509269,1731
509269,3037
509269,3035
509269,2274
509269,3420
509270,3030
509270,3032
509270,3035
509270,2274
509270,3415
509271,3031
509271,3061
509272,3415
509275,742
509275,748
509276,742
509276,748
509277,748
509278,748
509279,1087
509280,616
509280,1248
509280,711
509280,2279
509280,740
509280,748
509281,743
509281,747
509281,739
509281,3415
509281,2828
509281,1819
509282,616
509282,1248
509282,711
509282,2279
509282,740
509282,748
509282,744
509282,2007
509282,1083
509283,743
509283,747
509283,739
509283,3415
509283,2828
509283,1819
509284,711
509284,3422
509284,770
509285,771
509285,3415
509285,2828
509286,616
509286,1248
509286,711
509286,2279
509286,740
509286,748
509286,1084
509292,616
509292,1248
509292,711
509292,2279
509292,740
509292,748
509293,743
509293,1084
509293,747
509293,739
509293,3415
509293,2828
509293,1819
509296,616
509296,1248
509296,711
509296,2279
509296,740
509296,748
509296,744
509296,2007
509296,1083
509297,2279
509297,740
509297,748
509297,744
509297,2007
509297,1083
509299,616
509299,1248
509299,711
509302,616
509302,1248
509302,711
509302,2279
509302,740
509302,748
509302,1084
509302,744
509302,2007
509302,1083
509303,616
509303,1248
509303,711
509303,2279
509303,740
509303,748
509303,744
509303,2008
509303,1077
509303,1999
509303,1082
509307,743
509307,747
509307,739
509307,3415
509307,2828
509307,1819
509310,1200
509310,2006
509310,743
509310,747
509310,739
509310,3415
509310,2828
509310,1819
509311,1200
509311,2006
509311,743
509311,747
509311,739
509311,3415
509311,2828
509311,1819
509318,771
509318,3415
509318,2828
509321,711
509321,3422
509321,770
509321,2929
509321,3027
509322,3026
509322,771
509322,3415
509322,2828
509323,1087
509323,747
509323,739
509323,3415
509323,2828
509323,1819
509324,616
509324,1248
509324,711
509324,2279
509324,740
509324,748
509333,3420
509333,2782
509334,2782
509342,2781
509342,3415
509344,2781
509344,3415
509346,3421
509346,1977
509346,1979
509346,1702
509346,2756
509346,2076
509346,3064
509346,2680
509346,3067
509348,3421
509348,1977
509348,2074
509348,1702
509352,3421
509352,3058
509352,1977
509352,2074
509352,1702
509352,2076
509352,2680
509352,3067
509359,3066
509359,2679
509359,2077
509359,1082
509359,2075
509359,1978
509359,3058
509359,3415
509360,3066
509360,2679
509360,2077
509360,1082
509360,2075
509360,1978
509360,3058
509360,3415
509361,3066
509361,2679
509361,1082
509361,1703
509361,2073
509361,1979
509361,2075
509361,1978
509361,3058
509361,3415
509362,3066
509362,2679
509362,1082
509362,2073
509362,1979
509362,2075
509362,1978
509362,3415
509363,3066
509363,2679
509363,1082
509363,2075
509363,3058
509363,3415
518055,27
518056,26
518675,27
518676,26
527482,1501
527482,1580
527482,1397
527483,1398
527483,2820
527483,1581
527483,1502
527484,1501
527484,1580
527484,1397
527485,1398
527485,1581
527485,1502
527486,1398
527487,1501
527487,1580
527488,1397
527489,1581
527489,1502
527491,1398
527492,1501
527492,1580
527492,1544
527493,1397
527494,1502
527825,1501
527825,1580
527825,1397
527826,1398
527826,2820
527826,1581
527826,1502
527827,1501
527827,1580
527827,1397
527828,1398
527828,1581
527828,1502
527829,1398
527830,1501
527830,1580
527831,1397
527832,1581
527832,1502
527834,1398
527835,1501
527835,1580
527835,1544
527836,1397
527837,1502
530666,3134
530666,3132
530666,458
530666,511
530666,317
530666,281
530667,2863
530667,316
530667,1016
530667,447
530667,1249
530667,3134
530668,2863
530668,316
530668,1016
530668,1249
530668,3134
530669,3134
530669,3132
530669,458
530669,511
530669,317
530669,281
530669,1906
530670,518
530670,436
530670,3134
530671,469
530671,2905
530671,435
530671,1011
530672,447
530672,1249
530672,3134
530674,3134
530674,3132
530674,458
530674,511
530674,317
530677,2863
530677,316
530678,1906
530678,2863
530678,316
530678,1016
530678,1249
530678,3134
530679,3134
530679,3132
530679,458
530679,511
530679,317
530679,281
530679,1906
530680,316
530680,1016
530680,1249
530680,3134
530682,469
530682,2905
530682,435
530682,1011
530682,543
530682,1175
531305,518
531305,436
531305,3134
531306,469
531306,2905
531306,435
531306,1011
531307,2863
531307,316
531307,1016
531307,1249
531307,3134
531308,3134
531308,3132
531308,458
531308,511
531308,317
531308,281
531308,1906
531309,3134
531309,3132
531309,458
531309,511
531309,317
531309,281
531310,2863
531310,316
531310,1016
531310,447
531310,1249
531310,3134
531315,469
531315,3132
531315,458
531315,511
531315,317
531315,281
531315,1906
531316,2863
531316,316
531316,1016
531316,1249
531316,3134
531317,2863
531317,316
531318,1906
531318,2863
531318,316
531318,1016
531318,1249
531318,3134
531319,3134
531319,3132
531319,458
531319,511
531319,317
531319,281
531319,1906
531320,316
531320,1016
531320,1249
531320,3134
531322,469
531322,3132
531322,458
531322,511
531322,317
531322,281
535062,526
535062,538
535063,539
535063,527
535064,3421
535064,2275
535065,2276
535065,3415
535065,2771
535066,2506
535066,3422
535066,2013
535066,761
535067,760
535067,1230
535067,2711
535067,3419
535067,735
535067,2935
535067,2646
535068,526
535068,529
535068,538
535071,526
535071,538
535072,539
535072,527
535074,539
535074,528
535074,527
535075,2275
535076,2276
535076,3415
535078,3422
535078,2013
535079,2506
535081,760
535081,1230
535081,2711
535081,3419
535081,735
535081,2935
535081,2646
535082,2506
535082,3422
535082,2013
535088,638
535088,3124
535089,3123
535089,636
535090,638
535090,3124
535090,3431
535091,695
535091,3123
535091,636
535092,638
535092,3124
535093,3123
535093,636
535095,638
535095,3124
535096,3123
535096,636
535097,638
535097,3124
535097,3431
535098,695
535098,3123
535098,636
535099,638
535099,3124
535100,3123
535100,636
535101,48
535101,695
535101,3123
535101,636
535700,526
535700,538
535701,539
535701,527
535702,3421
535702,2275
535703,2276
535703,3415
535703,2771
535707,526
535707,538
535708,539
535708,527
535710,539
535710,528
535710,527
535711,2275
535712,2276
535712,3415
535719,1016
535719,449
535719,472
535719,3269
535719,3276
535719,3316
535720,3308
535720,26
535721,27
535721,3287
535721,3300
535722,3305
535722,3269
535722,471
535722,511
535723,515
535723,518
535723,27
535723,3287
535723,3313
535724,3280
535724,3308
535724,26
535725,1016
535725,449
535725,472
535725,3269
535725,3304
535725,3276
535726,3305
535726,3274
535726,3269
535726,471
535726,511
535727,1016
535727,449
535727,472
535727,3269
535727,3276
535727,3341
535727,3316
535729,1016
535729,449
535729,472
535729,3349
535729,3302
535729,3332
535730,3346
535730,3312
535730,3308
535730,3271
535730,26
535731,1016
535731,449
535731,472
535731,3349
535731,3276
535731,3316
535732,515
535732,518
535732,27
535732,3287
535732,3313
535732,3300
535733,515
535733,518
535733,27
535733,3287
535733,3347
535733,3300
535734,515
535734,518
535734,27
535734,3271
535734,3287
535734,3313
535734,3347
535735,3300
535735,3280
535735,3308
535735,26
535736,515
535736,518
535736,27
535736,3287
535736,3313
535736,3300
535737,3322
535737,3280
535737,3308
535737,26
535738,3322
535738,3300
535738,3280
535738,3308
535738,26
535739,515
535739,518
535739,27
535739,3287
535739,3313
535740,3316
535740,3300
535740,3280
535740,3308
535740,26
535741,3300
535741,3280
535741,3439
535741,3308
535741,26
535742,515
535742,518
535742,27
535742,3287
535742,3439
535742,3313
535743,1016
535743,449
535743,472
535743,3349
535743,3304
535743,3276
535744,1016
535744,449
535744,472
535744,3349
535744,3304
535744,3276
535745,1016
535745,449
535745,472
535745,3269
535745,3304
535745,3276
535746,1016
535746,449
535746,472
535747,471
535747,511
535748,1016
535748,449
535748,472
535748,3349
535749,3270
535749,3305
535749,3274
535749,3269
535749,471
535749,511
535750,3276
535751,3305
535752,3276
535753,3332
535755,3300
535756,3332
535756,3367
535758,3331
535760,3276
536978,1528
536978,1748
536978,1655
536978,1547
536979,1541
536979,1579
536979,1585
536980,1542
536980,1419
536980,1654
536980,1749
536981,1748
536981,1655
536981,1420
536981,1543
536982,1582
536982,1578
536982,1544
536982,1407
536983,1532
536983,2818
536983,1583
536984,1582
536984,1614
536984,2817
536984,1531
536985,1542
536985,1579
536985,1583
536986,1751
536986,1868
536987,1680
536987,1750
536988,1582
536988,1543
536988,1397
536989,1398
536989,1541
536989,1615
536989,1583
536990,1629
536990,2034
536990,1417
536990,1391
536990,1397
536991,1398
536991,1392
536991,1418
536991,2033
536991,1570
536991,1628
536992,1680
536992,1651
536992,2817
536992,1497
536993,1497
536993,2818
536993,1459
536993,1868
536994,1680
536994,2034
536994,1417
536994,1391
536994,1397
536995,1398
536995,1392
536995,1418
536995,2031
536995,1868
536996,1897
536996,2034
536996,1417
536996,1581
536997,1580
536997,1418
536997,2031
536997,1897
536998,1629
536998,2034
536998,1417
536998,1496
536998,1604
536999,1603
536999,1497
536999,1441
536999,1418
536999,2033
536999,1628
537000,1746
537000,1420
537000,1391
537000,2820
537000,1497
537001,1497
537001,2818
537001,1393
537001,1419
537001,1471
537001,1749
537002,1746
537002,1420
537002,1617
537002,1581
537002,1502
537002,1572
537003,1573
537003,1501
537003,1580
537003,1616
537003,1419
537003,1471
537003,1749
537004,1584
537004,1578
537004,1544
537005,1548
537005,1747
537005,1527
537006,1542
537006,1393
537006,1419
537006,1547
537007,1548
537007,1420
537007,1391
537007,1541
537008,1497
537008,2818
537008,2031
537008,1495
537009,1897
537009,2032
537009,1651
537009,2817
537009,1497
537010,1548
537010,1420
537010,1581
537010,1502
537010,1572
537011,1573
537011,1501
537011,1580
537011,1419
537011,1547
537012,2818
537012,1581
537012,1502
537012,1572
537013,1573
537013,1501
537013,1580
537013,2817
537013,1531
537014,1573
537014,1501
537014,1580
537014,1419
537014,1654
537014,1747
537015,1746
537015,1655
537015,1420
537015,1581
537015,1573
537016,1542
537016,2819
537016,1393
537016,1418
537016,2031
537016,1897
537017,1897
537017,2034
537017,1417
537017,1391
537017,2820
537017,1541
537019,1541
537019,1579
537019,1585
537020,1541
537020,1579
537020,1585
537022,1807
537022,1528
537022,1748
537022,1547
537023,1528
537023,1748
537023,1655
537023,1547
537030,1542
537031,1541
537038,1748
537038,1655
537038,1420
537038,1543
537038,1410
537040,1582
537040,1578
537040,1544
537041,1582
537042,1532
537042,2818
537042,1583
537045,1587
537048,1531
537049,1531
537051,1532
537051,2818
537051,1583
537053,1532
537053,2818
537053,1583
537055,1586
537058,1582
537058,1578
537058,1544
537059,1532
537063,1587
537064,1582
537064,1614
537064,2817
537064,1531
537064,1408
537066,1542
537066,1579
537068,1531
537071,1587
537074,1584
537074,2817
537074,1531
537076,1586
537077,1586
537079,1582
537079,2817
537085,1751
537086,1868
537087,1680
537087,1750
537089,1750
537090,1680
537093,1398
537093,1541
537093,1615
537093,1583
537102,2033
537102,1570
537102,1628
537103,2033
537103,1570
537103,1628
537104,2033
537104,1570
537104,1628
537105,1629
537105,2034
537105,1417
537105,1391
537105,1397
537106,1629
537108,1398
537108,1392
537108,1418
537108,2033
537108,1570
537108,1628
537110,1418
537110,2033
537110,1570
537111,2034
537111,1417
537111,1391
537111,1397
537114,1680
537114,1651
537114,2817
537114,1497
537116,1603
537116,1497
537116,2818
537116,1459
537116,1868
537118,1680
537120,1868
537124,1680
537124,2034
537124,1417
537124,1391
537124,1397
537125,1398
537125,1392
537125,1418
537125,2031
537126,1398
537126,1392
537126,1418
537126,2031
537126,1868
537131,1868
537132,1585
537132,1868
537133,1868
537135,1680
537135,2034
537135,1417
537135,1391
537135,1390
537135,1397
537135,1357
537136,1680
537139,1580
537139,1418
537139,2031
537139,1495
537140,1580
537140,1418
537140,2031
537141,1897
537141,2034
537141,1417
537141,1581
537142,1418
537142,2031
537142,1897
537143,1581
537144,1581
537145,1573
537147,1897
537148,1897
537149,1897
537150,1581
537153,1396
537153,1495
537154,1580
537155,1580
537157,1897
537160,2033
537160,1628
537161,1629
537161,2031
537162,1496
537162,1604
537163,2033
537163,1628
537167,1603
537167,1497
537167,2818
537168,1603
537168,1497
537169,2820
537169,1496
537169,1604
537170,2548
537172,1746
537172,1420
537172,1391
537174,1584
537174,1420
537174,1391
537174,2820
537174,1497
537175,1603
537175,1497
537175,2818
537175,1393
537175,1419
537175,1471
537175,1749
537176,1392
537176,1419
537176,1471
537176,1749
537177,1584
537177,1472
537177,1749
537179,1746
537183,1746
537183,1420
537183,1617
537183,1581
537183,1502
537183,1572
537186,1617
537186,1581
537186,1502
537186,1572
537187,1417
537187,1617
537187,1581
537187,1502
537187,1572
537188,1472
537188,1749
537189,1581
537189,1502
537189,1572
537190,1573
537190,1501
537190,1580
537191,1746
537192,1573
537192,1501
537192,1580
537193,1581
537193,1502
537193,1572
537199,1548
537199,1747
537199,1527
537199,1808
537200,1548
537200,1747
537200,1527
537205,1541
537206,1542
537208,1548
537208,1420
537208,1391
537209,1392
537209,1419
537209,1547
537210,1393
537210,1419
537210,1547
537211,1897
537213,1897
537213,2032
537213,1651
537213,2817
537213,1497
537219,1897
537220,1495
537221,1495
537222,1897
537225,1581
537225,1502
537225,1572
537226,1573
537226,1501
537226,1580
537229,1573
537229,1501
537229,1580
537229,1419
537229,1547
537230,1581
537230,1502
537230,1572
537231,1548
537231,1420
537231,1581
537231,1502
537231,1572
537236,1419
537236,1547
537237,1548
537237,1420
537238,1548
537238,1420
537238,1533
537239,1573
537239,1501
537239,1580
537239,2817
537240,1573
537240,1501
537240,1580
537241,2820
537241,1581
537241,1502
537241,1572
537243,2818
537245,1581
537245,1502
537245,1572
537246,1578
537246,2817
537246,1531
537248,2818
537248,1581
537248,1502
537248,1572
537250,1531
537252,1497
537253,1532
537253,2818
537253,1579
537254,1573
537254,1501
537254,1580
537254,2817
537255,1573
537255,1501
537255,1580
537257,1746
537257,1655
537257,1420
537258,1573
537258,1501
537259,1419
537259,1654
537259,1747
537260,1581
537260,1502
537260,1573
537262,1581
537262,1502
537262,1573
537263,1573
537264,1746
537264,1655
537264,1420
537265,1573
537265,1501
537266,1419
537266,1654
537266,1747
537267,1542
537267,2819
537267,1393
537267,1418
537267,2031
537267,1495
537268,1897
537268,2034
537268,1417
537268,1391
537268,2820
537269,2820
537269,1541
537270,1531
537270,1408
537271,1393
537271,1418
537271,2031
537271,1897
537272,1409
537272,1542
537272,1393
537272,1418
537272,2031
537272,1897
537273,1897
537273,2034
537273,1417
537273,1391
537274,1897
537274,2034
537274,1417
537274,1391
537275,1897
537275,2034
537275,1417
537275,1391
537279,1528
537279,1748
537279,1655
537279,1547
537280,1541
537280,1579
537280,1585
537281,1542
537281,1419
537281,1654
537281,1749
537282,1748
537282,1655
537282,1420
537282,1543
537283,1582
537283,1578
537283,1544
537283,1407
537284,1532
537284,2818
537284,1583
537285,1582
537285,1614
537285,2817
537285,1531
537286,1542
537286,1579
537286,1583
537287,1751
537287,1868
537288,1680
537288,1750
537289,1582
537289,1543
537289,1397
537290,1398
537290,1541
537290,1615
537290,1583
537291,1629
537291,2034
537291,1417
537291,1391
537291,1397
537292,1398
537292,1392
537292,1418
537292,2033
537292,1570
537292,1628
537293,1680
537293,1651
537293,2817
537293,1497
537294,1497
537294,2818
537294,1459
537294,1868
537295,1680
537295,2034
537295,1417
537295,1391
537295,1397
537296,1398
537296,1392
537296,1418
537296,2031
537296,1868
537297,1897
537297,2034
537297,1417
537297,1581
537298,1580
537298,1418
537298,2031
537298,1897
537299,1629
537299,2034
537299,1417
537299,1496
537299,1604
537300,1603
537300,1497
537300,1441
537300,1418
537300,2033
537300,1628
537301,1746
537301,1420
537301,1391
537301,2820
537301,1497
537302,1497
537302,2818
537302,1393
537302,1419
537302,1471
537302,1749
537303,1746
537303,1420
537303,1617
537303,1581
537303,1502
537303,1572
537304,1573
537304,1501
537304,1580
537304,1616
537304,1419
537304,1471
537304,1749
537305,1584
537305,1578
537305,1544
537306,1548
537306,1747
537306,1527
537307,1542
537307,1393
537307,1419
537307,1547
537308,1548
537308,1420
537308,1391
537308,1541
537309,1497
537309,2818
537309,2031
537309,1495
537310,1897
537310,2032
537310,1651
537310,2817
537310,1497
537311,1548
537311,1420
537311,1581
537311,1502
537311,1572
537312,1573
537312,1501
537312,1580
537312,1419
537312,1547
537313,2818
537313,1581
537313,1502
537313,1572
537314,1573
537314,1501
537314,1580
537314,2817
537314,1531
537315,1573
537315,1501
537315,1580
537315,1419
537315,1654
537315,1747
537316,1746
537316,1655
537316,1420
537316,1581
537316,1573
537317,1542
537317,2819
537317,1393
537317,1418
537317,2031
537317,1897
537318,1897
537318,2034
537318,1417
537318,1391
537318,2820
537318,1541
537321,1541
537321,1579
537321,1585
537322,1807
537322,1528
537322,1748
537322,1655
537322,1547
537324,1528
537324,1748
537324,1655
537324,1547
537325,1541
537325,1579
537325,1585
537331,1542
537332,1541
537335,1497
537339,1748
537339,1655
537339,1420
537339,1543
537339,1410
537346,1587
537349,1531
537350,1531
537352,1532
537352,2818
537352,1583
537354,1532
537354,2818
537354,1583
537356,1586
537360,1532
537365,1582
537365,1614
537365,2817
537365,1531
537365,1408
537368,1579
537368,1583
537369,1531
537372,1587
537375,1584
537375,2817
537375,1531
537377,1586
537379,1587
537380,1582
537380,2817
537383,1583
537384,1751
537384,1868
537386,1751
537387,1868
537388,1680
537388,1750
537389,1750
537390,1750
537394,1398
537394,1541
537394,1615
537394,1583
537401,1543
537401,1397
537403,2033
537403,1570
537403,1628
537406,1629
537406,2034
537406,1417
537406,1391
537406,1397
537407,1629
537409,1398
537409,1392
537409,1418
537409,2033
537409,1570
537409,1628
537414,1680
537414,1651
537414,2817
537414,1496
537414,1604
537415,1680
537415,1651
537415,2817
537415,1497
537416,1680
537416,1651
537416,2817
537417,1603
537417,1497
537417,2818
537417,1459
537417,1868
537419,1680
537421,1868
537425,1680
537425,2034
537425,1417
537425,1391
537425,1397
537427,1398
537427,1392
537427,1418
537427,2031
537427,1868
537432,1868
537437,1680
537439,1897
537439,2034
537439,1417
537440,1580
537440,1418
537440,2031
537440,1495
537442,1897
537442,2034
537442,1417
537442,1581
537443,1418
537443,2031
537443,1897
537444,1581
537445,1581
537448,1897
537452,1581
537453,1495
537455,1580
537456,1580
537457,1580
537458,1897
537460,1441
537460,1418
537460,2033
537460,1628
537463,1496
537463,1604
537464,2033
537464,1628
537469,1603
537469,1497
537470,2820
537470,1496
537470,1604
537473,1746
537473,1420
537473,1391
537476,1603
537476,1497
537476,2818
537476,1393
537476,1419
537476,1471
537476,1749
537477,1392
537477,1419
537477,1471
537477,1749
537478,1584
537478,1472
537478,1749
537479,1584
537479,1472
537479,1749
537480,1746
537484,1746
537484,1420
537484,1617
537484,1581
537484,1502
537484,1572
537487,1617
537487,1581
537487,1502
537487,1572
537489,1472
537489,1749
537492,1746
537493,1573
537493,1501
537493,1580
537494,1581
537494,1502
537494,1572
537495,1680
537495,1584
537495,1578
537495,1544
537498,1578
537498,1544
537499,1548
537499,1747
537499,1527
537499,1808
537500,1548
537500,1747
537500,1527
537500,1808
537501,1548
537501,1747
537501,1527
537506,1541
537509,1548
537509,1420
537509,1391
537510,1392
537510,1419
537510,1547
537513,1897
537513,2032
537513,1651
537513,2817
537514,1897
537514,2032
537514,1651
537514,2817
537514,1497
537520,1897
537521,1495
537523,1897
537528,1573
537528,1501
537528,1580
537528,1419
537528,1547
537530,1573
537530,1501
537530,1580
537530,1419
537530,1547
537532,1548
537532,1420
537532,1581
537532,1502
537532,1572
537533,1581
537533,1502
537533,1573
537534,1548
537534,1420
537534,1581
537534,1502
537534,1572
537537,1419
537537,1547
537538,1548
537538,1420
537542,2820
537542,1581
537542,1502
537542,1572
537548,1578
537548,2817
537548,1531
537549,2818
537549,1581
537549,1502
537549,1572
537551,1531
537554,1532
537554,2818
537554,1579
537555,1573
537555,1501
537555,1580
537555,2817
537557,1573
537557,1501
537557,1580
537558,1746
537558,1655
537558,1420
537559,1573
537559,1501
537560,1419
537560,1654
537560,1747
537561,1581
537561,1502
537561,1573
537571,1531
537571,1408
537572,1393
537572,1418
537572,2031
537572,1897
537573,1409
537573,1542
537573,1393
537573,1418
537573,2031
537573,1897
537575,1897
537575,2034
537575,1417
537575,1391
537580,2863
537580,316
537580,2816
537580,1178
537580,613
537580,619
537581,635
537581,1819
537581,617
537581,2815
537581,317
537581,281
537582,666
537582,212
537582,255
537582,271
537582,281
537583,3182
537583,2861
537583,1149
537583,256
537583,1142
537583,824
537584,576
537584,567
537585,582
537585,568
537585,575
537585,1740
537586,1901
537586,613
537586,620
537587,635
537587,1892
537587,603
537587,1900
537588,1901
537588,604
537588,711
537589,3415
537589,2828
537589,603
537589,1900
537590,1160
537590,639
537590,620
537590,1892
537591,1189
537591,613
537591,619
537591,637
537591,644
537591,1329
537591,665
537592,242
537592,884
537592,217
537592,115
537592,91
537593,94
537593,1125
537593,216
537593,226
537594,255
537594,271
537594,281
537594,3140
537594,378
537595,2342
537595,3184
537595,2861
537595,1149
537595,256
537596,803
537596,553
537596,1740
537596,1330
537596,508
537596,3103
537596,480
537597,2528
537597,481
537597,3103
537597,509
537597,546
537597,1743
537597,554
537598,2880
537598,553
537598,1740
537598,1330
537598,508
537598,3105
537598,511
537598,242
537598,212
537598,129
537598,1251
537599,3008
537599,891
537599,1138
537599,211
537599,240
537599,1016
537599,3105
537599,509
537599,546
537599,1743
537599,554
537600,378
537600,323
537600,480
537600,3134
537601,3134
537601,481
537601,324
537601,2341
537602,1230
537602,3415
537602,2828
537602,1819
537602,1330
537602,508
537602,3107
537602,511
537602,2816
537602,1154
537602,281
537603,1151
537603,494
537603,2815
537603,1016
537603,3102
537603,509
537603,841
537603,1248
537603,711
537604,55
537604,2274
537604,2304
537604,3415
537604,2828
537604,3239
537604,1740
537604,1330
537604,2954
537604,508
537604,3102
537604,511
537604,2861
537604,1149
537604,251
537605,2884
537605,271
537605,2863
537605,1016
537605,3102
537605,509
537605,2953
537605,546
537605,1741
537605,3240
537605,711
537605,2273
537605,2305
537606,635
537606,637
537606,666
537606,212
537606,255
537606,271
537606,2863
537607,284
537607,2861
537607,1149
537607,256
537607,1142
537607,824
537607,639
537607,620
537608,2028
537608,884
537608,215
537609,214
537609,228
537609,1176
537610,637
537610,656
537610,989
537610,480
537611,481
537611,2218
537611,1175
537611,638
537612,636
537612,818
537612,241
537612,494
537612,781
537613,782
537613,952
537613,1782
537613,638
537614,619
537614,637
537614,668
537614,2172
537615,2173
537615,667
537615,3413
537615,639
537615,620
537616,647
537616,639
537616,620
537616,1248
537616,711
537616,2305
537617,51
537617,2274
537617,3415
537617,2828
537617,613
537617,619
537617,638
537617,700
537618,3412
537618,195
537618,256
537618,1151
537618,305
537618,324
537619,323
537619,304
537619,2855
537619,255
537619,1759
537619,3416
537620,26
537620,445
537620,2119
537620,319
537620,2855
537620,255
537621,256
537621,1151
537621,318
537621,447
537621,27
537622,3412
537622,1306
537622,2863
537622,781
537622,2527
537623,2528
537623,782
537623,2855
537623,1174
537623,3416
537623,116
537624,212
537624,1239
537624,281
537624,403
537624,3402
537624,3406
537624,3405
537624,3404
537624,3403
537624,3406
537625,3405
537625,3404
537625,3402
537625,3403
537625,2855
537625,240
537625,1175
537626,1138
537626,3412
537626,211
537626,240
537626,1016
537626,3104
537626,509
537626,546
537626,27
537627,26
537627,1330
537627,508
537627,3104
537627,511
537627,242
537627,212
537627,3416
537628,637
537628,666
537628,212
537628,195
537628,179
537629,180
537629,1759
537629,1142
537629,824
537629,638
537630,1901
537630,604
537630,711
537631,3415
537631,2828
537631,603
537631,1900
537632,38
537632,255
537633,256
537633,244
537634,1901
537634,604
537634,711
537634,2305
537635,2274
537635,3415
537635,2828
537635,603
537635,1900
537636,546
537636,1178
537636,1248
537636,711
537637,3415
537637,2828
537637,1819
537637,617
537637,1330
537637,510
537638,3105
537638,509
537638,841
537638,804
537638,576
537639,575
537639,977
537639,1330
537639,1016
537639,3105
537640,16
537640,262
537640,256
537640,1151
537640,494
537640,1016
537640,3102
537640,509
537640,546
537640,613
537640,619
537640,637
537641,673
537641,639
537641,620
537641,1819
537641,1330
537641,508
537641,3102
537641,511
537641,1154
537641,255
537641,261
537641,15
537642,977
537642,1312
537643,241
537643,494
537644,952
537645,1313
537645,1742
537646,884
537646,217
537646,2479
537646,115
537647,114
537647,788
537647,216
537647,226
537648,324
537648,3138
537648,3402
537648,3406
537648,3405
537648,3404
537648,3403
537649,3405
537649,3404
537649,3402
537649,3403
537649,864
537649,323
537650,788
537650,216
537650,226
537650,240
537650,1330
537650,1016
537650,3107
537650,447
537650,1249
537650,3134
537651,469
537651,3132
537651,2119
537651,3104
537651,511
537651,547
537651,242
537651,884
537651,217
537651,2479
537652,242
537652,884
537652,217
537652,212
537652,195
537652,2884
537653,251
537653,1759
537653,1142
537653,216
537653,226
537653,240
537654,255
537654,261
537654,179
537654,165
537655,164
537655,2977
537655,180
537655,262
537655,256
537656,255
537656,261
537656,179
537656,165
537657,164
537657,2977
537657,180
537657,256
537658,378
537658,864
537658,2816
537658,546
537658,1741
537658,711
537658,2305
537659,2274
537659,3415
537659,2828
537659,1740
537659,2815
537659,324
537659,396
537659,2342
537660,216
537660,226
537660,240
537660,305
537660,781
537661,782
537661,304
537661,242
537661,884
537661,217
537662,508
537662,3106
537662,511
537662,782
537663,323
537663,1016
537663,3106
537663,509
537663,2816
537664,115
537664,1139
537664,981
537664,799
537664,1025
537665,91
537665,798
537665,994
537666,38
537666,255
537667,256
537667,244
537668,636
537668,818
537668,508
537668,3106
537668,511
537668,1000
537668,2342
537669,864
537669,323
537669,1016
537669,3106
537669,509
537669,2816
537669,1782
537669,638
537670,1215
537670,481
537670,3104
537670,511
537670,243
537670,255
537670,2972
537670,2976
537671,2977
537671,2973
537671,256
537671,244
537671,1016
537671,3103
537671,480
537671,2035
537672,243
537672,255
537672,261
537672,179
537672,3222
537673,3221
537673,180
537673,262
537673,256
537673,244
537674,667
537674,3413
537674,639
537674,620
537675,619
537675,637
537675,668
537675,1074
537676,637
537676,656
537676,242
537676,255
537677,256
537677,240
537677,1175
537677,1318
537677,636
537678,480
537678,347
537678,2666
537678,897
537678,18
537679,18
537679,896
537679,348
537679,1215
537679,481
537680,480
537680,2035
537680,350
537681,343
537681,349
537681,1215
537681,481
537682,480
537682,347
537682,2666
537682,897
537683,896
537683,348
537683,1215
537683,481
537684,38
537684,255
537685,256
537685,244
537686,2274
537686,3415
537686,2828
537686,1819
537686,2028
537686,884
537686,212
537687,1142
537687,228
537687,1176
537687,1248
537687,711
537687,2305
537688,242
537688,212
537688,115
537688,1025
537689,1125
537689,114
537689,211
537690,619
537691,2863
537691,316
537691,2816
537691,1178
537691,613
537692,1819
537692,617
537692,2815
537692,317
537692,281
537693,3135
537693,1819
537693,617
537693,2815
537693,317
537693,281
537694,620
537695,2863
537695,316
537695,2816
537695,1178
537695,613
537695,619
537696,635
537697,2863
537697,316
537697,2816
537697,1178
537697,613
537697,619
537699,666
537699,212
537699,255
537699,271
537700,1149
537700,256
537700,1142
537700,824
537701,666
537701,212
537701,255
537701,271
537702,666
537702,212
537702,255
537702,271
537702,281
537704,3182
537704,2861
537704,1149
537704,256
537704,1142
537704,824
537708,637
537710,3182
537710,2861
537710,1149
537710,256
537710,1142
537710,824
537710,879
537718,582
537718,568
537718,575
537718,1740
537718,874
537718,613
537719,576
537719,567
537720,582
537720,568
537721,576
537721,1701
537721,1034
537721,567
537722,576
537722,1701
537722,1034
537722,567
537725,582
537725,568
537725,1034
537725,1701
537725,575
537725,1740
537726,1819
537726,1743
537728,1901
537728,613
537728,620
537729,635
537729,1892
537729,603
537729,1900
537730,635
537730,1892
537730,603
537730,1900
537731,635
537731,1892
537731,603
537731,1900
537732,635
537732,1892
537732,603
537732,1900
537733,635
537733,1892
537733,603
537733,1900
537734,635
537734,1892
537734,603
537734,1900
537735,1892
537735,603
537735,1900
537736,1892
537736,603
537736,1900
537737,620
537738,620
537738,3144
537739,1901
537739,613
537740,635
537741,635
537742,3415
537742,2828
537743,3415
537743,2828
537744,711
537745,603
537745,1900
537748,1160
537748,3413
537748,639
537748,620
537748,1892
537748,567
537749,568
537749,1189
537749,613
537749,619
537749,637
537749,644
537749,1329
537749,665
537750,1160
537750,3413
537750,639
537750,620
537750,1892
537750,1034
537750,1701
537751,1160
537751,3413
537751,639
537751,620
537751,1892
537751,1034
537751,1701
537751,567
537752,1160
537752,3413
537752,639
537752,620
537752,1892
537752,2117
537753,1160
537753,3413
537753,639
537753,620
537753,1892
537753,2117
537754,1160
537754,3413
537754,639
537754,620
537754,1892
537754,2117
537754,567
537755,1701
537755,1034
537755,1189
537755,613
537755,619
537755,637
537755,644
537755,1329
537755,665
537756,568
537756,2117
537756,613
537756,619
537756,637
537756,644
537756,1329
537756,665
537757,568
537757,1701
537757,1034
537757,2117
537757,613
537757,619
537757,637
537757,644
537757,1329
537757,665
537758,2117
537758,613
537758,619
537758,637
537758,644
537758,1329
537758,665
537760,2117
537761,568
537761,613
537761,619
537761,637
537761,644
537762,613
537762,619
537762,637
537762,644
537763,1160
537765,3413
537765,639
537765,620
537765,1892
537765,567
537766,1329
537766,665
537767,94
537767,1125
537767,216
537767,226
537767,240
537768,94
537768,1125
537768,216
537768,226
537769,94
537769,1125
537769,216
537769,226
537770,3136
537770,94
537770,1125
537770,216
537770,226
537771,3136
537771,94
537771,1125
537771,216
537771,226
537772,242
537772,884
537772,217
537772,115
537772,91
537772,3136
537773,242
537773,884
537773,217
537773,115
537773,91
537774,242
537774,884
537774,217
537774,115
537774,91
537774,3136
537775,115
537775,91
537777,94
537777,1125
537781,255
537781,271
537781,281
537781,3140
537781,378
537781,1153
537782,1153
537782,2342
537782,3184
537782,2861
537782,1149
537782,256
537784,2342
537784,3184
537784,2861
537784,1149
537784,256
537785,2342
537785,3184
537785,2861
537785,1149
537785,256
537786,2342
537786,3184
537786,2861
537786,1149
537787,1153
537787,2342
537787,3184
537787,2861
537787,1149
537787,256
537788,255
537788,271
537788,281
537788,3140
537788,378
537789,255
537789,271
537789,281
537789,3140
537789,378
537789,1153
537792,2342
537792,3184
537793,255
537793,2973
537795,255
537795,271
537795,281
537795,3140
537795,378
537795,1153
537796,255
537796,271
537796,281
537797,553
537797,1740
537797,1330
537797,508
537797,3103
537797,480
537800,803
537800,553
537800,1740
537800,1330
537800,508
537801,509
537803,2528
537803,481
537803,3103
537803,509
537803,546
537803,1743
537803,554
537804,2528
537804,481
537804,509
537804,547
537808,2880
537808,553
537808,1740
537808,1330
537808,508
537812,509
537813,3008
537813,891
537813,1138
537813,211
537813,240
537813,1016
537814,891
537814,1138
537814,211
537814,240
537814,1016
537815,2880
537815,553
537815,804
537815,637
537816,3134
537817,2341
537818,3134
537818,481
537818,324
537818,2341
537819,3134
537820,378
537820,323
537820,480
537820,3134
537821,378
537823,3134
537824,3134
537829,3134
537830,481
537830,324
537830,2341
537834,378
537835,2341
537839,1889
537840,1230
537840,3415
537840,2828
537840,1819
537840,1330
537840,508
537841,2855
537841,205
537842,1230
537842,3415
537842,2828
537842,613
537842,637
537843,1248
537843,711
537844,509
537844,841
537844,1248
537844,711
537848,2273
537848,2305
537849,1149
537849,251
537850,55
537850,2796
537850,2274
537850,2304
537850,3415
537850,2828
537850,3239
537850,1740
537850,1330
537850,2954
537850,508
537850,3102
537850,511
537850,2861
537850,1149
537850,251
537851,55
537851,2274
537851,2304
537851,3415
537851,2828
537852,2274
537852,2304
537852,3415
537852,2828
537852,637
537854,2884
537854,271
537854,2863
537854,1016
537854,3102
537854,509
537854,2953
537854,546
537854,1741
537854,711
537854,2273
537854,2305
537854,2796
537855,511
537855,2861
537855,1906
537855,1149
537855,251
537856,511
537856,2855
537857,1759
537857,786
537857,116
537858,1759
537858,786
537858,116
537858,788
537859,1759
537859,786
537859,1142
537861,635
537861,637
537861,666
537861,212
537861,255
537861,271
537861,1906
537861,2863
537862,256
537862,1142
537862,824
537862,639
537863,284
537863,2861
537863,1906
537863,1149
537863,256
537863,1142
537863,824
537863,639
537863,620
537864,284
537864,2861
537864,1149
537864,256
537864,205
537864,1142
537864,824
537865,284
537865,2861
537865,1906
537865,1149
537865,256
537865,1142
537865,824
537866,666
537866,212
537866,255
537866,271
537866,2863
537868,639
537868,620
537869,635
537869,637
537870,637
537871,214
537871,228
537871,1176
537876,481
537876,2218
537876,1175
537876,638
537877,481
537877,2218
537877,1175
537877,638
537878,637
537879,481
537880,638
537881,656
537881,989
537881,480
537882,481
537882,2218
537882,1175
537883,2218
537883,1175
537883,652
537885,638
537886,638
537887,636
537887,818
537887,241
537887,494
537887,781
537888,782
537888,952
537888,1782
537888,638
537888,879
537889,637
537890,2173
537890,667
537890,3413
537890,638
537891,2173
537891,667
537891,3413
537891,639
537891,620
537892,619
537892,637
537892,668
537892,2172
537892,1074
537893,619
537893,637
537894,2173
537896,667
537896,3413
537896,639
537896,620
537898,2172
537899,706
537899,647
537899,639
537899,620
537899,1248
537899,711
537899,2305
537900,51
537900,2274
537900,3415
537900,2828
537900,613
537900,619
537900,638
537900,700
537900,705
537902,51
537902,2274
537902,3415
537902,2828
537902,613
537902,619
537902,638
537903,706
537903,647
537903,637
537904,647
537904,637
537905,639
537905,620
537905,1248
537905,711
537905,2305
537906,638
537906,700
537907,638
537907,700
537907,705
537908,3412
537908,195
537908,256
537908,1151
537908,305
537908,324
537909,323
537909,304
537909,2855
537909,255
537910,323
537910,304
537910,2855
537910,255
537910,1759
537910,3416
537911,305
537911,324
537912,3412
537912,195
537912,256
537912,1151
537912,305
537912,324
537915,305
537915,324
537916,323
537916,304
537916,2855
537917,323
537917,304
537919,445
537919,2119
537919,319
537919,2855
537919,255
537920,256
537920,1151
537920,318
537920,447
537921,1151
537921,318
537921,447
537921,27
537922,318
537922,447
537923,256
537924,26
537924,445
537924,2119
537924,319
537925,26
537925,445
537925,2119
537925,319
537925,2861
537926,445
537926,2119
537926,319
537927,255
537930,3131
537931,1306
537931,2863
537931,781
537931,2527
537932,1306
537932,2863
537932,781
537932,2527
537935,2528
537935,782
537935,2855
537936,2528
537936,782
537936,2855
537936,1174
537938,2528
537938,782
537943,3405
537943,3404
537943,3402
537943,3403
537943,2855
537948,281
537948,403
537948,3402
537948,3406
537948,3405
537948,3404
537948,3403
537948,3406
537949,3405
537949,3404
537949,3402
537949,3403
537949,2855
537950,3405
537950,3404
537950,3402
537950,3403
537950,2855
537951,891
537951,1138
537951,3412
537951,211
537951,240
537951,1016
537951,3104
537951,509
537951,546
537951,27
537952,891
537952,1138
537952,3412
537952,211
537952,240
537952,1016
537953,509
537953,546
537953,27
537954,1138
537954,3412
537954,211
537954,240
537956,26
537956,1330
537956,508
537956,3104
537956,511
537956,242
537956,212
537956,3416
537956,1251
537957,511
537957,242
537957,212
537957,3416
537957,1251
537958,26
537958,1330
537958,508
537959,26
537959,1330
537959,989
537959,545
537959,543
537959,1175
537960,638
537962,637
537962,666
537962,212
537962,195
537962,179
537964,637
537965,1901
537965,604
537965,711
537966,1901
537966,604
537966,711
537968,3415
537968,2828
537968,603
537968,1900
537969,1248
537969,711
537970,711
537971,711
537972,3415
537972,2828
537972,613
537974,1901
537974,602
537975,603
537975,1900
537977,256
537977,244
537979,255
537980,256
537980,240
537982,256
537982,244
537983,1901
537983,604
537983,711
537983,2305
537985,711
537985,2305
537986,603
537986,1900
537987,2274
537987,3415
537987,2828
537990,3415
537990,2828
537990,1819
537990,617
537990,1330
537991,1819
537991,617
537991,1330
537991,510
537992,1819
537992,617
537992,1330
537993,1248
537993,711
537994,3415
537994,2828
537994,613
537995,546
537995,1178
537995,613
537996,3105
537999,977
537999,1330
537999,1016
538000,509
538000,841
538000,804
538002,3105
538002,509
538002,547
538004,639
538004,620
538004,1819
538004,1330
538004,508
538005,639
538005,620
538005,1819
538005,1330
538005,508
538006,511
538006,1154
538006,255
538006,261
538006,15
538007,16
538007,262
538007,256
538007,1151
538007,494
538007,1016
538007,3102
538008,16
538008,262
538008,256
538008,1151
538008,494
538008,1016
538009,635
538009,1819
538009,1330
538009,508
538009,3102
538009,511
538009,1154
538009,255
538009,261
538009,15
538010,16
538010,262
538010,256
538010,1151
538010,494
538010,1016
538010,3102
538010,509
538010,546
538010,613
538010,619
538012,509
538012,546
538012,613
538012,619
538012,637
538012,1074
538014,509
538014,546
538014,613
538014,619
538014,637
538015,509
538015,546
538015,613
538015,619
538015,637
538016,546
538016,613
538016,619
538016,637
538017,546
538017,613
538017,619
538017,637
538018,1074
538018,673
538018,638
538020,977
538020,1312
538022,1312
538025,242
538025,884
538025,217
538025,2479
538025,115
538027,114
538027,788
538027,216
538027,226
538028,114
538028,788
538028,216
538028,226
538028,952
538028,1782
538029,114
538030,818
538030,242
538030,884
538030,217
538030,2479
538030,115
538031,2479
538031,115
538032,115
538033,324
538033,3138
538033,3402
538033,3406
538034,1151
538034,324
538034,3138
538034,3402
538034,3406
538035,1151
538036,3405
538036,3404
538036,3402
538036,3403
538036,864
538036,323
538036,2855
538037,3405
538037,3404
538037,3402
538037,3403
538037,864
538037,323
538037,31
538037,317
538037,2855
538038,3405
538038,3404
538038,3402
538038,3403
538038,864
538038,323
538038,2855
538039,1016
538039,3107
538039,447
538039,1249
538039,3134
538040,788
538040,216
538040,226
538040,240
538040,1330
538040,1016
538040,3107
538040,447
538040,1249
538040,3134
538041,447
538041,1249
538041,3134
538042,788
538042,216
538042,226
538042,240
538042,1330
538042,1016
538042,3107
538043,788
538043,2554
538044,788
538044,216
538044,226
538044,240
538044,1330
538044,1016
538046,788
538046,216
538046,226
538046,240
538046,1330
538046,1016
538047,788
538047,216
538047,226
538047,240
538047,1330
538047,1016
538048,469
538048,3132
538048,2119
538048,511
538048,547
538050,511
538050,547
538050,242
538050,884
538050,217
538050,2479
538051,3134
538051,3132
538051,2119
538051,3104
538051,511
538051,547
538051,242
538051,884
538051,217
538051,2479
538052,2119
538052,3104
538052,511
538052,547
538052,242
538052,884
538052,217
538052,788
538054,511
538054,547
538054,242
538054,884
538054,217
538054,788
538055,788
538055,2554
538056,3134
538056,3132
538056,2119
538057,788
538058,242
538058,884
538058,217
538058,212
538058,195
538058,2884
538059,251
538059,1759
538059,1142
538059,216
538059,226
538059,240
538059,1016
538060,251
538060,1759
538060,1142
538060,216
538060,226
538060,240
538060,1016
538061,251
538061,1759
538061,1142
538061,216
538061,226
538061,240
538061,1016
538062,212
538062,195
538062,2884
538062,2972
538063,251
538063,1759
538063,1142
538064,978
538064,952
538065,818
538065,241
538067,255
538067,261
538067,2492
538067,165
538069,164
538069,2977
538069,2869
538069,262
538069,256
538071,164
538071,2977
538071,180
538071,262
538071,256
538075,255
538075,261
538075,179
538075,165
538076,164
538076,2977
538076,180
538077,164
538077,2977
538077,180
538077,256
538078,656
538078,241
538080,378
538081,711
538081,2305
538082,2274
538082,3415
538082,2828
538082,1740
538082,2815
538083,2274
538083,3415
538083,2828
538083,1740
538083,2815
538084,2342
538085,378
538085,864
538085,2816
538085,546
538085,1741
538085,711
538085,2305
538086,2815
538086,324
538086,396
538086,2342
538087,1740
538087,2815
538087,324
538087,396
538087,2342
538088,2274
538088,3415
538088,2828
538090,378
538090,864
538090,2816
538091,711
538091,2305
538095,216
538095,226
538095,240
538095,305
538095,781
538097,782
538097,304
538097,242
538097,884
538097,217
538099,1160
538099,508
538099,3106
538099,511
538099,782
538100,1160
538100,508
538100,3106
538100,511
538100,782
538105,323
538105,1016
538106,323
538106,1016
538106,3106
538106,509
538106,2816
538106,665
538107,115
538107,1139
538107,981
538108,994
538110,115
538110,1139
538110,981
538110,799
538110,1025
538112,91
538112,798
538112,994
538113,994
538114,115
538114,1139
538114,981
538114,799
538114,1025
538115,256
538115,244
538116,38
538116,255
538117,256
538122,271
538122,281
538125,864
538125,323
538125,1016
538125,3106
538125,509
538125,2816
538125,1782
538125,638
538126,864
538126,323
538126,1016
538126,3106
538126,509
538126,2816
538126,1782
538126,638
538127,2510
538127,864
538127,323
538127,1016
538127,3106
538127,509
538127,2816
538127,1782
538127,638
538129,511
538129,396
538130,636
538130,818
538130,508
538130,3106
538130,511
538130,396
538132,782
538133,864
538133,323
538133,1016
538133,3106
538133,509
538133,2816
538133,1782
538133,638
538134,1215
538134,481
538135,1215
538135,481
538135,3104
538135,511
538135,243
538135,255
538135,2973
538136,2977
538136,2973
538136,256
538136,244
538136,1016
538136,3103
538136,480
538136,2035
538137,2977
538137,2973
538137,256
538137,244
538137,1016
538139,480
538139,2035
538143,256
538143,244
538143,1016
538144,256
538144,244
538144,1016
538145,256
538145,244
538145,1016
538148,511
538148,243
538148,255
538150,1215
538150,481
538151,782
538151,315
538151,952
538151,1782
538152,3221
538152,180
538153,1037
538154,255
538154,261
538154,179
538154,3222
538156,3221
538156,180
538156,262
538156,256
538157,3221
538157,180
538157,262
538157,256
538157,244
538157,901
538158,667
538158,3413
538158,639
538158,620
538159,619
538159,637
538159,668
538160,3413
538160,637
538160,668
538161,667
538161,3413
538161,639
538161,620
538162,667
538162,3413
538162,638
538163,667
538163,3413
538163,636
538165,637
538166,636
538167,656
538167,242
538167,255
538168,256
538168,240
538168,1175
538168,1165
538169,480
538169,347
538169,2666
538169,897
538169,18
538169,864
538170,480
538170,347
538170,2666
538170,897
538170,18
538171,480
538171,347
538171,2666
538171,897
538171,18
538172,480
538172,2035
538172,350
538173,480
538173,2035
538173,350
538174,480
538174,2035
538174,350
538175,480
538175,347
538175,2666
538175,897
538176,480
538176,347
538176,2666
538176,897
538177,480
538177,347
538177,2666
538177,897
538177,864
538178,256
538178,244
538178,32
538179,256
538181,613
538182,255
538185,2028
538185,884
538185,212
538186,1142
538186,228
538186,1176
538187,2274
538187,3415
538187,2828
538187,613
538188,1142
538188,228
538188,1176
538188,613
538189,1142
538189,228
538190,2836
538191,1248
538191,711
538191,2305
538192,884
538192,212
538194,1125
538194,114
538194,211
538194,240
538195,1125
538195,114
538196,242
538196,212
538196,115
538196,1025
538197,115
538197,1025
538198,1016
538198,1218
538198,1219
538198,472
538199,475
538199,471
538199,463
538199,458
538200,1016
538200,1218
538200,1219
538200,472
538200,3294
538201,3295
538201,475
538201,471
538201,463
538201,458
538202,475
538202,471
538202,463
538203,665
538204,1160
538207,636
538207,818
538207,242
538207,255
538207,3235
538208,256
538208,240
538208,1782
538208,639
538209,636
538209,818
538209,242
538209,255
538210,256
538210,240
538211,255
538211,3235
538212,2863
538212,316
538212,2816
538212,1178
538212,613
538212,619
538213,635
538213,1819
538213,617
538213,2815
538213,317
538213,281
538216,576
538216,567
538217,582
538217,568
538217,575
538217,1740
538218,1901
538218,613
538218,620
538219,635
538219,1892
538219,603
538219,1900
538220,1160
538220,639
538220,620
538220,1892
538221,1189
538221,613
538221,619
538221,637
538221,644
538221,1329
538221,665
538222,242
538222,884
538222,217
538222,115
538222,91
538223,94
538223,1125
538223,216
538223,226
538224,255
538224,271
538224,281
538224,3140
538224,378
538225,2342
538225,3184
538225,2861
538225,1149
538225,256
538226,803
538226,553
538226,1740
538226,1330
538226,508
538226,3103
538226,480
538227,2528
538227,481
538227,3103
538227,509
538227,546
538227,1743
538227,554
538228,2880
538228,553
538228,1740
538228,1330
538228,508
538228,3105
538228,511
538228,242
538228,212
538228,129
538228,1251
538229,3008
538229,891
538229,1138
538229,211
538229,240
538229,1016
538229,3105
538229,509
538229,546
538229,1743
538229,554
538230,378
538230,323
538230,480
538230,3134
538231,3134
538231,481
538231,324
538231,2341
538232,1230
538232,3415
538232,2828
538232,1819
538232,1330
538232,508
538232,3107
538232,511
538232,2816
538232,1154
538232,281
538233,1151
538233,494
538233,2815
538233,1016
538233,3102
538233,509
538233,841
538233,1248
538233,711
538234,55
538234,2274
538234,2304
538234,3415
538234,2828
538234,3239
538234,1740
538234,1330
538234,2954
538234,508
538234,3102
538234,511
538234,2861
538234,1149
538234,251
538235,2884
538235,271
538235,2863
538235,1016
538235,3102
538235,509
538235,2953
538235,546
538235,1741
538235,3240
538235,711
538235,2273
538235,2305
538236,635
538236,637
538236,666
538236,212
538236,255
538236,271
538236,2863
538237,284
538237,2861
538237,1149
538237,256
538237,1142
538237,824
538237,639
538237,620
538238,2028
538238,884
538238,215
538239,214
538239,228
538239,1176
538240,637
538240,656
538240,989
538240,480
538241,481
538241,2218
538241,1175
538241,638
538242,636
538242,818
538242,241
538242,494
538242,781
538243,782
538243,952
538243,1782
538243,638
538244,619
538244,637
538244,668
538244,2172
538245,2173
538245,667
538245,3413
538245,639
538245,620
538246,647
538246,639
538246,620
538246,1248
538246,711
538246,2305
538247,51
538247,2274
538247,3415
538247,2828
538247,613
538247,619
538247,638
538247,700
538248,3412
538248,195
538248,256
538248,1151
538248,305
538248,324
538249,323
538249,304
538249,2855
538249,255
538249,1759
538249,3416
538250,26
538250,445
538250,2119
538250,319
538250,2855
538250,255
538251,256
538251,1151
538251,318
538251,447
538251,27
538252,3412
538252,1306
538252,2863
538252,781
538252,2527
538253,2528
538253,782
538253,2855
538253,1174
538253,3416
538253,116
538254,1138
538254,3412
538254,211
538254,240
538254,1016
538254,3104
538254,509
538254,546
538254,27
538255,26
538255,1330
538255,508
538255,3104
538255,511
538255,242
538255,212
538255,3416
538256,637
538256,666
538256,212
538256,195
538256,179
538257,180
538257,1759
538257,1142
538257,824
538257,638
538258,1901
538258,604
538258,711
538259,3415
538259,2828
538259,603
538259,1900
538260,38
538260,255
538261,256
538261,244
538262,1901
538262,604
538262,711
538262,2305
538263,2274
538263,3415
538263,2828
538263,603
538263,1900
538264,546
538264,1178
538264,1248
538264,711
538265,3415
538265,2828
538265,1819
538265,617
538265,1330
538265,510
538266,3105
538266,509
538266,841
538266,804
538266,576
538267,575
538267,977
538267,1330
538267,1016
538267,3105
538268,16
538268,262
538268,256
538268,1151
538268,494
538268,1016
538268,3102
538268,509
538268,546
538268,613
538268,619
538268,637
538269,673
538269,639
538269,620
538269,1819
538269,1330
538269,508
538269,3102
538269,511
538269,1154
538269,255
538269,261
538269,15
538270,977
538270,1312
538271,241
538271,494
538272,952
538273,1313
538273,1742
538274,884
538274,217
538274,2479
538274,115
538275,114
538275,788
538275,216
538275,226
538276,324
538276,3138
538276,3402
538276,3406
538276,3405
538276,3404
538276,3403
538278,788
538278,216
538278,226
538278,240
538278,1330
538278,1016
538278,3107
538278,447
538278,1249
538278,3134
538279,469
538279,3132
538279,2119
538279,3104
538279,511
538279,547
538279,242
538279,884
538279,217
538279,2479
538280,242
538280,884
538280,217
538280,212
538280,195
538280,2884
538281,251
538281,1759
538281,1142
538281,216
538281,226
538281,240
538282,255
538282,261
538282,179
538282,165
538283,164
538283,2977
538283,180
538283,262
538283,256
538284,255
538284,261
538284,179
538284,165
538285,164
538285,2977
538285,180
538285,256
538286,378
538286,864
538286,2816
538286,546
538286,1741
538286,711
538286,2305
538287,2274
538287,3415
538287,2828
538287,1740
538287,2815
538287,324
538287,396
538287,2342
538288,216
538288,226
538288,240
538288,305
538288,781
538289,782
538289,304
538289,242
538289,884
538289,217
538290,508
538290,3106
538290,511
538290,782
538291,323
538291,1016
538291,3106
538291,509
538291,2816
538292,115
538292,1139
538292,981
538292,799
538292,1025
538293,91
538293,798
538293,994
538294,38
538294,255
538295,256
538295,244
538296,636
538296,818
538296,508
538296,3106
538296,511
538296,1000
538296,2342
538297,864
538297,323
538297,1016
538297,3106
538297,509
538297,2816
538297,1782
538297,638
538298,1215
538298,481
538298,3104
538298,511
538298,243
538298,255
538298,2972
538298,2976
538299,2977
538299,2973
538299,256
538299,244
538299,1016
538299,3103
538299,480
538299,2035
538300,243
538300,255
538300,261
538300,179
538300,3222
538301,3221
538301,180
538301,262
538301,256
538301,244
538302,637
538302,656
538302,242
538302,255
538303,256
538303,240
538303,1175
538303,1318
538303,636
538304,480
538304,347
538304,2666
538304,897
538304,18
538305,18
538305,896
538305,348
538305,1215
538305,481
538306,480
538306,2035
538306,350
538307,343
538307,349
538307,1215
538307,481
538308,480
538308,347
538308,2666
538308,897
538309,896
538309,348
538309,1215
538309,481
538310,38
538310,255
538311,256
538311,244
538312,2274
538312,3415
538312,2828
538312,1819
538312,2028
538312,884
538312,212
538313,1142
538313,228
538313,1176
538313,1248
538313,711
538313,2305
538314,242
538314,212
538314,115
538314,1025
538315,1125
538315,114
538315,211
538317,2863
538317,316
538317,2816
538317,1178
538317,613
538318,1819
538318,617
538318,2815
538318,317
538318,281
538319,3135
538319,1819
538319,617
538319,2815
538319,317
538319,281
538320,620
538321,2863
538321,316
538321,2816
538321,1178
538321,613
538321,619
538322,635
538328,666
538328,212
538328,255
538328,271
538328,281
538331,3182
538331,2861
538331,1149
538331,256
538331,1142
538331,824
538336,3182
538336,2861
538336,1149
538336,256
538336,1142
538336,824
538336,879
538339,1963
538339,3182
538340,1963
538340,3182
538341,1963
538341,3182
538342,666
538342,212
538342,255
538342,271
538343,582
538343,568
538343,575
538344,582
538344,568
538344,575
538344,1740
538344,874
538344,613
538345,576
538345,567
538346,582
538346,568
538352,1819
538352,1743
538353,1901
538353,613
538360,635
538360,1892
538360,603
538360,1900
538361,1892
538361,603
538361,1900
538362,1892
538362,603
538362,1900
538363,620
538365,1901
538365,613
538366,635
538368,1160
538368,639
538368,620
538368,1892
538369,1160
538369,3413
538369,639
538369,620
538369,1892
538369,567
538370,568
538370,1189
538370,613
538370,619
538370,637
538370,644
538370,1329
538370,665
538382,568
538382,613
538382,619
538382,637
538382,644
538383,613
538383,619
538383,637
538383,644
538384,1160
538387,1329
538387,665
538388,94
538388,1125
538388,216
538388,226
538388,240
538389,94
538389,1125
538389,216
538389,226
538390,94
538390,1125
538390,216
538390,226
538391,3136
538391,94
538391,1125
538391,216
538391,226
538392,3136
538392,94
538392,1125
538392,216
538392,226
538393,242
538393,884
538393,217
538393,115
538393,91
538393,3136
538394,242
538394,884
538394,217
538394,115
538394,91
538395,242
538395,884
538395,217
538395,115
538395,91
538395,3136
538397,115
538397,91
538397,3136
538399,378
538400,2861
538400,1149
538400,256
538401,2342
538401,3184
538401,2861
538401,1149
538401,256
538402,255
538402,271
538402,281
538402,3140
538402,378
538402,1153
538403,1153
538403,2342
538403,3184
538403,2861
538403,1149
538403,256
538404,1153
538404,2342
538404,3184
538404,2861
538404,1149
538404,256
538405,2342
538405,3184
538405,2861
538405,1149
538405,256
538408,1153
538408,2342
538408,3184
538408,2861
538408,1149
538408,256
538409,255
538409,271
538409,281
538409,3140
538409,378
538410,255
538410,271
538410,281
538410,3140
538410,378
538410,1153
538413,2342
538413,3184
538414,255
538414,2973
538417,255
538417,271
538417,281
538418,553
538418,1740
538418,1330
538418,508
538418,3103
538418,480
538421,803
538421,553
538421,1740
538421,1330
538421,508
538422,509
538424,2528
538424,481
538424,3103
538424,509
538424,546
538424,1743
538424,554
538425,2528
538425,481
538425,509
538425,547
538429,2880
538429,553
538429,1740
538429,1330
538429,508
538433,509
538434,3008
538434,891
538434,1138
538434,211
538434,240
538434,1016
538436,2880
538436,553
538436,804
538436,637
538437,3134
538438,2341
538439,3134
538439,481
538439,324
538439,2341
538441,378
538441,323
538441,480
538441,3134
538443,323
538443,480
538443,449
538446,448
538446,481
538446,324
538446,2341
538447,448
538447,481
538447,324
538447,2341
538448,448
538448,481
538448,324
538448,2341
538449,448
538449,481
538449,324
538449,2341
538450,3134
538455,378
538456,2341
538457,378
538457,323
538457,480
538457,449
538458,378
538458,323
538458,480
538458,449
538460,1889
538461,1230
538461,3415
538461,2828
538461,1819
538461,1330
538461,508
538462,2855
538462,205
538463,1230
538463,3415
538463,2828
538463,613
538463,637
538464,1248
538464,711
538465,509
538465,841
538465,1248
538465,711
538469,2273
538469,2305
538470,1149
538470,251
538471,55
538471,2796
538471,2274
538471,2304
538471,3415
538471,2828
538471,3239
538471,1740
538471,1330
538471,2954
538471,508
538471,3102
538471,511
538471,2861
538471,1149
538471,251
538472,55
538472,2274
538472,2304
538472,3415
538472,2828
538473,2274
538473,2304
538473,3415
538473,2828
538473,637
538474,55
538474,2796
538474,2274
538474,2304
538474,3415
538474,2828
538474,637
538475,2884
538475,271
538475,2863
538475,1016
538475,3102
538475,509
538475,2953
538475,546
538475,1741
538475,711
538475,2273
538475,2305
538475,2796
538476,511
538476,2861
538476,1906
538476,1149
538476,251
538477,511
538477,2855
538478,1759
538478,786
538478,116
538479,1759
538479,786
538479,116
538479,788
538480,1759
538480,786
538480,1142
538483,256
538483,1142
538483,824
538483,639
538485,284
538485,2861
538485,1149
538485,256
538485,205
538485,1142
538485,824
538487,666
538487,212
538487,255
538487,271
538487,2863
538489,639
538489,620
538490,635
538490,637
538491,637
538497,481
538497,2218
538497,1175
538497,638
538499,637
538500,481
538501,638
538502,656
538502,989
538502,480
538503,481
538503,2218
538503,1175
538505,782
538505,952
538505,1782
538505,638
538506,638
538508,636
538508,818
538508,241
538508,494
538508,781
538509,782
538509,952
538509,1782
538509,638
538509,879
538510,637
538511,2173
538511,667
538511,3413
538511,638
538514,619
538514,637
538515,2173
538516,639
538516,620
538517,667
538517,3413
538517,639
538517,620
538518,3413
538518,637
538518,668
538518,2172
538519,2172
538520,706
538520,647
538520,639
538520,620
538520,1248
538520,711
538520,2305
538521,51
538521,2274
538521,3415
538521,2828
538521,613
538521,619
538521,638
538521,700
538521,705
538522,619
538522,638
538523,51
538523,2274
538523,3415
538523,2828
538523,613
538523,619
538523,638
538524,706
538524,647
538524,637
538525,647
538525,637
538526,639
538526,620
538526,1248
538526,711
538526,2305
538527,638
538527,700
538528,638
538528,700
538528,705
538529,3412
538529,195
538529,256
538529,1151
538529,305
538529,324
538530,323
538530,304
538530,2855
538530,255
538531,323
538531,304
538531,2855
538531,255
538531,1759
538531,3416
538533,3412
538533,195
538533,256
538533,1151
538533,305
538533,324
538535,255
538535,1759
538535,3416
538536,305
538536,324
538537,323
538537,304
538537,2855
538538,323
538538,304
538540,445
538540,2119
538540,319
538540,2855
538540,255
538541,256
538541,1151
538541,318
538541,447
538542,1151
538542,318
538542,447
538542,27
538543,318
538543,447
538544,256
538545,26
538545,445
538545,2119
538545,319
538546,26
538546,445
538546,2119
538546,319
538546,2861
538548,255
538549,255
538550,255
538551,3131
538552,1306
538552,2863
538552,781
538552,2527
538553,1306
538553,2863
538553,781
538553,2527
538554,1306
538554,2863
538554,781
538554,2527
538556,2528
538556,782
538556,2855
538557,2528
538557,782
538557,2855
538557,1174
538559,2528
538559,782
538564,891
538564,1138
538564,3412
538564,211
538564,240
538564,1016
538564,3104
538564,509
538564,546
538564,27
538565,891
538565,1138
538565,3412
538565,211
538565,240
538565,1016
538566,509
538566,546
538566,27
538567,1138
538567,3412
538567,211
538567,240
538569,26
538569,1330
538569,508
538569,3104
538569,511
538569,242
538569,212
538569,3416
538569,1251
538570,511
538570,242
538570,212
538570,3416
538570,1251
538571,26
538571,1330
538571,508
538572,26
538572,1330
538572,989
538572,545
538572,543
538572,1175
538573,638
538575,637
538575,666
538575,212
538575,195
538575,179
538577,637
538579,1901
538579,604
538579,711
538580,711
538581,3415
538581,2828
538581,603
538581,1900
538582,1248
538582,711
538583,711
538585,3415
538585,2828
538585,613
538588,603
538588,1900
538596,1901
538596,604
538596,711
538596,2305
538598,711
538598,2305
538599,603
538599,1900
538600,2274
538600,3415
538600,2828
538603,3415
538603,2828
538603,1819
538603,617
538603,1330
538605,1819
538605,617
538605,1330
538606,1248
538606,711
538607,3415
538607,2828
538607,613
538609,3105
538612,977
538612,1330
538612,1016
538613,509
538613,841
538613,804
538615,3105
538615,509
538615,547
538617,639
538617,620
538617,1819
538617,1330
538617,508
538618,639
538618,620
538618,1819
538618,1330
538618,508
538619,511
538619,1154
538619,255
538619,261
538619,15
538620,16
538620,262
538620,256
538620,1151
538620,494
538620,1016
538620,3102
538621,16
538621,262
538621,256
538621,1151
538621,494
538621,1016
538622,635
538622,1819
538622,1330
538622,508
538622,3102
538622,511
538622,1154
538622,255
538622,261
538622,15
538623,16
538623,262
538623,256
538623,1151
538623,494
538623,1016
538623,3102
538623,509
538623,546
538623,613
538623,619
538625,509
538625,546
538625,613
538625,619
538625,637
538625,1074
538626,635
538626,637
538627,509
538627,546
538627,613
538627,619
538627,637
538628,509
538628,546
538628,613
538628,619
538628,637
538629,546
538629,613
538629,619
538629,637
538630,546
538630,613
538630,619
538630,637
538631,1074
538631,673
538631,638
538633,977
538633,1312
538634,494
538635,1312
538638,242
538638,884
538638,217
538638,2479
538638,115
538640,114
538640,788
538640,216
538640,226
538641,114
538641,788
538641,216
538641,226
538641,952
538641,1782
538643,818
538643,242
538643,884
538643,217
538643,2479
538643,115
538648,1151
538650,3405
538650,3404
538650,3402
538650,3403
538650,864
538650,323
538650,31
538650,317
538650,2855
538652,1016
538652,3107
538652,447
538652,1249
538652,3134
538653,788
538653,216
538653,226
538653,240
538653,1330
538653,1016
538653,3107
538653,447
538653,1249
538653,3134
538654,447
538654,1249
538654,3134
538655,788
538655,216
538655,226
538655,240
538655,1330
538655,1016
538655,3107
538656,788
538656,2554
538657,788
538657,216
538657,226
538657,240
538657,1330
538657,1016
538659,788
538659,216
538659,226
538659,240
538659,1330
538659,1016
538660,788
538660,216
538660,226
538660,240
538660,1330
538660,1016
538661,469
538661,3132
538661,2119
538661,511
538661,547
538662,3134
538662,3132
538662,2119
538662,511
538662,547
538663,511
538663,547
538663,242
538663,884
538663,217
538663,2479
538664,3134
538664,3132
538664,2119
538664,3104
538664,511
538664,547
538664,242
538664,884
538664,217
538664,2479
538665,2119
538665,3104
538665,511
538665,547
538665,242
538665,884
538665,217
538665,788
538667,511
538667,547
538667,242
538667,884
538667,217
538667,788
538668,788
538668,2554
538669,3134
538669,3132
538669,2119
538670,788
538672,251
538672,1759
538672,1142
538672,216
538672,226
538672,240
538672,1016
538673,251
538673,1759
538673,1142
538673,216
538673,226
538673,240
538673,1016
538674,251
538674,1759
538674,1142
538674,216
538674,226
538674,240
538674,1016
538675,212
538675,195
538675,2884
538675,2972
538676,251
538676,1759
538676,1142
538677,978
538677,952
538678,818
538678,241
538679,255
538679,261
538679,179
538679,165
538681,164
538681,2977
538681,180
538681,262
538681,256
538684,164
538684,2977
538684,180
538684,262
538684,256
538689,164
538689,2977
538689,180
538690,164
538690,2977
538690,180
538690,256
538691,656
538691,241
538693,378
538695,2274
538695,3415
538695,2828
538695,1740
538695,2815
538696,2274
538696,3415
538696,2828
538696,1740
538696,2815
538698,378
538698,864
538698,2816
538698,546
538698,1741
538698,711
538698,2305
538699,2815
538699,324
538699,396
538699,2342
538700,1740
538700,2815
538700,324
538700,396
538700,2342
538701,2274
538701,3415
538701,2828
538702,2274
538702,3415
538702,2828
538702,1894
538704,711
538704,2305
538705,216
538705,226
538705,240
538705,305
538705,781
538708,216
538708,226
538708,240
538708,305
538708,781
538710,782
538710,304
538710,242
538710,884
538710,217
538712,1160
538712,508
538712,3106
538712,511
538712,782
538718,323
538718,1016
538719,323
538719,1016
538719,3106
538719,509
538719,2816
538719,665
538727,115
538727,1139
538727,981
538727,799
538727,1025
538728,256
538728,244
538729,38
538729,255
538730,256
538735,271
538735,281
538738,864
538738,323
538738,1016
538738,3106
538738,509
538738,2816
538738,1782
538738,638
538739,864
538739,323
538739,1016
538739,3106
538739,509
538739,2816
538739,1782
538739,638
538740,2510
538740,864
538740,323
538740,1016
538740,3106
538740,509
538740,2816
538740,1782
538740,638
538742,511
538742,396
538743,636
538743,818
538743,508
538743,3106
538743,511
538743,396
538745,782
538746,864
538746,323
538746,1016
538746,3106
538746,509
538746,2816
538746,1782
538746,638
538747,1215
538747,481
538748,1215
538748,481
538748,3104
538748,511
538748,243
538748,255
538748,2973
538749,2977
538749,2973
538749,256
538749,244
538749,1016
538749,3103
538749,480
538749,2035
538750,2977
538750,2973
538750,256
538750,244
538750,1016
538752,480
538752,2035
538756,256
538756,244
538756,1016
538757,256
538757,244
538757,1016
538758,256
538758,244
538758,1016
538761,511
538761,243
538761,255
538763,1215
538763,481
538764,782
538764,315
538764,952
538764,1782
538771,637
538771,656
538771,242
538771,255
538772,637
538773,636
538774,656
538774,242
538774,255
538775,256
538775,240
538775,1175
538775,1165
538776,480
538776,347
538776,2666
538776,897
538776,18
538776,864
538777,480
538777,347
538777,2666
538777,897
538777,18
538778,480
538778,347
538778,2666
538778,897
538778,18
538780,480
538780,2035
538780,350
538781,480
538781,2035
538781,350
538782,480
538782,347
538782,2666
538782,897
538783,480
538783,347
538783,2666
538783,897
538784,480
538784,347
538784,2666
538784,897
538784,864
538785,256
538785,244
538785,32
538786,256
538788,613
538789,255
538801,1125
538801,114
538801,211
538801,240
538802,1125
538802,114
538803,242
538803,212
538803,115
538803,1025
538804,115
538804,1025
538805,1016
538805,1218
538805,1219
538805,472
538806,475
538806,471
538806,463
538806,458
538807,1016
538807,1218
538807,1219
538807,472
538807,3294
538808,3295
538808,475
538808,471
538808,463
538808,458
538809,475
538809,471
538809,463
538810,665
538811,1160
538814,636
538814,818
538814,242
538814,255
538814,3235
538815,256
538815,240
538815,1782
538815,639
538816,636
538816,818
538816,242
538816,255
538817,256
538817,240
538818,255
538818,3235
